0.922958206990897
0.922958206990897
0.922958206990897
0.922958206990897
0.922958206990897
0.922958206990897
0.922958206990897
0.922958206990897
0.922958206990897
0.922958206990897
0.922958206990897
0.922958206990897
0.922958206990897
0.922958206990897
0.922958206990897
0.922958206990897
0.922958206990897
0.922958206990897
0.922958206990897
0.922958206990897
0.922958206990897
0.922958206990897
0.922958206990897
0.922958206990897
0.922958206990897
0.922958206990897
0.922958206990897
-1.08347267777192
-1.08347267777192
-1.08347267777192
-1.08347267777192
-1.08347267777192
-1.08347267777192
-1.08347267777192
-1.08347267777192
-1.08347267777192
-1.08347267777192
-1.08347267777192
-1.08347267777192
-1.08347267777192
-1.08347267777192
-1.08347267777192
-1.08347267777192
-1.08347267777192
-1.08347267777192
-1.08347267777192
-1.08347267777192
-1.08347267777192
-1.08347267777192
-1.08347267777192
