1.04083299973307
1.04083299973307
1.04083299973307
1.04083299973307
1.04083299973307
1.04083299973307
1.04083299973307
1.04083299973307
1.04083299973307
1.04083299973307
1.04083299973307
1.04083299973307
1.04083299973307
1.04083299973307
1.04083299973307
1.04083299973307
1.04083299973307
1.04083299973307
1.04083299973307
1.04083299973307
1.04083299973307
1.04083299973307
1.04083299973307
1.04083299973307
-0.960768922830523
-0.960768922830523
-0.960768922830523
-0.960768922830523
-0.960768922830523
-0.960768922830523
-0.960768922830523
-0.960768922830523
-0.960768922830523
-0.960768922830523
-0.960768922830523
-0.960768922830523
-0.960768922830523
-0.960768922830523
-0.960768922830523
-0.960768922830523
-0.960768922830523
-0.960768922830523
-0.960768922830523
-0.960768922830523
-0.960768922830523
-0.960768922830523
-0.960768922830523
-0.960768922830523
-0.960768922830523
-0.960768922830523
